2000009 15.830992 
2000019 74.115625 
2000029 121.326313 
2000039 157.786893 
2000049 170.173495 
2000059 195.951533 
2000069 205.052507 
2000079 236.187240 
2000089 260.008155 
2000099 281.457572 
2000109 304.319475 
2000119 324.083206 
2000129 350.412373 
2000139 373.292790 
2000149 394.584852 
2000159 437.269083 
2000169 470.689468 
2000179 529.578664 
2000189 594.633121 
2000199 628.816266 
2000209 665.099405 
2000219 696.425344 
2000229 739.108321 
2000239 771.272659 
2000249 800.629699 
2000259 824.175412 
2000269 853.963802 
2000279 878.328268 
2000289 906.594307 
2000299 936.221721 
2000309 949.620536 
2000319 971.437734 
2000329 994.272410 
2000339 1031.585756 
2000349 1049.791003 
2000359 1066.866690 
2000369 1096.357204 
2000379 1127.695575 
2000389 1189.880543 
2000399 1199.141209 
2000409 1252.392043 
2000419 1294.862221 
2000429 1313.317719 
2000439 1346.737292 
2000449 1382.155556 
2000459 1401.477481 
2000469 1437.216927 
2000479 1461.503114 
2000489 1488.357369 
2000499 1503.923685 
2000509 1528.849069 
2000519 1543.681215 
2000529 1561.447475 
2000539 1586.073658 
2000549 1599.899691 
2000559 1641.638107 
2000569 1659.232036 
2000579 1670.056021 
2000589 1685.686913 
2000599 1699.824321 
2000609 1726.262999 
2000619 1817.229804 
2000629 1889.269654 
2000639 2032.368778 
2000649 2082.183980 
2000659 2104.366366 
2000669 2131.341012 
2000679 2147.615227 
2000689 2187.068330 
